gc=518285.618377 
 gg=127220.049061 
